<?xml version="1.0" standalone="no"?>
<!DOCTYPE svg PUBLIC "-//W3C//DTD SVG 20010904//EN"
 "http://www.w3.org/TR/2001/REC-SVG-20010904/DTD/svg10.dtd">
<svg version="1.0" xmlns="http://www.w3.org/2000/svg"
 width="1280.000000pt" height="1280.000000pt" viewBox="0 0 1280.000000 1280.000000"
 preserveAspectRatio="xMidYMid meet">

<g transform="translate(0.000000,1280.000000) scale(0.100000,-0.100000)"
fill="#000000" stroke="none">
<path d="M7418 8808 c-179 -13 -346 -77 -443 -169 -61 -58 -108 -146 -126
-237 -16 -85 -6 -318 19 -452 11 -58 27 -168 36 -245 29 -245 86 -570 161
-925 73 -341 115 -554 134 -680 9 -55 8 -68 -6 -90 -79 -116 -101 -237 -68
-365 18 -69 65 -159 110 -212 32 -38 32 -39 39 -178 6 -140 12 -335 20 -665 5
-178 14 -230 59 -316 42 -81 180 -175 307 -209 250 -67 520 101 569 355 18 93
1 690 -28 968 l-7 72 155 97 c446 277 626 408 787 574 116 119 138 145 208
248 117 171 188 355 217 560 15 108 6 419 -15 524 -9 43 -25 115 -37 160 -105
411 -299 623 -804 875 -450 225 -921 339 -1287 310z m382 -224 c264 -45 517
-128 785 -258 301 -147 491 -286 591 -435 116 -171 185 -444 187 -731 2 -233
-22 -347 -110 -525 -125 -256 -351 -481 -713 -712 -343 -219 -511 -324 -535
-335 -27 -12 -27 -14 -21 -78 23 -233 37 -474 42 -737 7 -275 6 -306 -11 -348
-45 -118 -163 -185 -286 -163 -114 21 -199 89 -218 177 -5 25 -12 167 -15 314
-3 148 -11 375 -17 505 l-12 237 -47 45 c-78 74 -117 178 -99 261 10 41 46
105 85 149 l23 25 -34 200 c-36 213 -52 295 -139 695 -63 296 -123 632 -136
769 -12 120 -35 282 -55 383 -25 131 -30 285 -12 349 39 134 148 204 357 233
64 8 294 -3 390 -20z"/>
<path d="M7624 8045 c13 -34 26 -150 26 -236 0 -148 18 -280 100 -724 44 -236
98 -540 120 -675 23 -135 43 -247 45 -248 2 -2 61 27 132 64 343 181 536 330
650 501 94 140 128 259 128 443 -1 205 -41 325 -150 453 -123 144 -320 268
-535 336 -102 33 -357 87 -460 98 -58 6 -63 5 -56 -12z m443 -280 c295 -90
499 -263 543 -460 16 -73 13 -232 -6 -295 -56 -188 -194 -338 -452 -490 -40
-23 -75 -40 -79 -37 -3 4 -21 89 -39 189 -18 101 -62 345 -99 543 -49 263 -68
393 -72 482 l-6 122 64 -15 c35 -8 101 -25 146 -39z"/>
<path d="M2654 8675 c-78 -28 -118 -54 -180 -115 -89 -88 -134 -200 -134 -333
0 -125 81 -458 245 -1012 143 -482 217 -766 276 -1065 137 -692 240 -1033 393
-1300 195 -340 441 -528 766 -585 124 -22 342 -19 458 5 248 52 490 162 667
301 71 55 224 210 290 292 127 158 248 371 328 578 132 341 189 633 227 1154
9 121 6 846 -4 925 -2 19 -8 179 -11 355 -8 349 -13 378 -76 490 -125 222
-401 313 -616 202 -117 -61 -217 -193 -252 -332 -13 -51 -15 -280 -4 -600 4
-137 8 -443 8 -680 -1 -346 -4 -458 -18 -575 -58 -473 -185 -800 -400 -1026
-110 -116 -234 -169 -381 -162 l-69 3 -48 90 c-129 238 -230 568 -353 1151
-30 144 -73 322 -95 395 -141 475 -253 887 -347 1283 -37 156 -76 293 -91 324
-98 201 -372 314 -579 237z m272 -215 c103 -47 126 -89 183 -335 68 -294 146
-585 273 -1030 67 -231 138 -499 159 -595 21 -96 50 -229 64 -295 109 -501
240 -879 386 -1111 31 -48 50 -67 87 -84 66 -31 181 -37 297 -15 195 36 320
119 470 310 205 263 313 564 377 1060 14 105 18 938 8 1535 l-5 295 24 49 c28
56 85 117 132 141 88 46 211 24 286 -52 70 -69 93 -133 93 -256 0 -56 7 -255
15 -442 39 -920 0 -1483 -132 -1915 -52 -172 -150 -400 -216 -505 -104 -167
-187 -272 -304 -387 -179 -175 -390 -286 -676 -355 -92 -23 -320 -22 -423 0
-156 35 -287 108 -404 227 -244 248 -392 641 -550 1460 -36 186 -119 536 -165
695 -53 182 -124 423 -166 560 -62 206 -130 471 -169 658 -29 134 -30 153 -20
205 18 85 44 125 109 172 46 32 116 50 166 44 22 -3 67 -18 101 -34z"/>
</g>
</svg>
